perlbench.2: 0.235839621989
perlbench.1: 1.35209243894
perlbench.0: 0.328069276361
mcf.0: 0.302285069218
lbm.0: 0.0
xalancbmk.0: -0.0974299124372
x264.1: -0.304529828453
x264.2: -0.43294780218
x264.0: -0.395446583393
deepsjeng.0: 1.11309903534
leela.0: 0.304627833633
nab.0: -0.0130779508298
xz.0: -0.0670111123623
xz.1: -0.753940470678
