perlbench.2: 0.2749421282599776
perlbench.1: 1.0879772497201727
perlbench.0: 0.38990326883165216
mcf.0: 0.3016608515804899
lbm.0: 0.0
xalancbmk.0: -0.05049749224357014
x264.1: -0.6294470378728136
x264.2: -0.8402427335695337
x264.0: -0.6959258713221395
deepsjeng.0: 0.8883259703669708
leela.0: -1.1539849875979578
nab.0: -0.03699760217802591
xz.0: -0.13068693493239839
xz.1: -0.7472897547219675
