lbm: 0.0
leela: 0.9429633117944574
mcf: 0.2505904733587213
nab: -0.03268283432950633
xalancbmk.txt: -0.8671824196122119
perlbench.0: 0.45827015875800503
perlbench.1: 1.3029216634233363
perlbench.2: -0.113936037639276
x264.0: -0.3537436383989244
x264.1: -0.23658934660567812
x264.2: -0.3086984896685974
xz.0: -0.0909313103473557
xz.1: -0.4930846812985486
