deeps: 0.8077205296806252
mcf: 0.8041224921694268
lbm: 0.0
xalancbmk: 0.06729514089387137
x264.0: -3.240654615793903
x264.1: -6.047421722249427
x264.2: -6.373159827170449
leela: -2.315852782231428
xz.0: -0.6172071678807368
xz.1: -0.3734627260806337
