perlbench.0: -0.26677327523626254
perlbench.1: 0.4704869099177924
perlbench.2: -0.4627344822009964
mcf: 1.510968244410781
lbm: 0.0
xalancbmk: 0.43465004857963187
x264.0: -2.362238334482199
x264.1: -5.782517873361031
x264.2: -5.577459083990868
deeps: -0.007521987194961456
leela: -0.6762131439652856
nab: -0.055490124239954836
xz.0: 3.524868263607993
xz.1: -0.37632761586391283
